8,4
1,2,3,4,5,6,7,8
0.0,321.7,345.2,241.5,273.4,211.6,386.2,157.4
321.7,0.0,83.7,151.2,167.9,365.6,97.1,205.7
345.2,83.7,0.0,224.9,118.4,337.5,43.0,261.0
241.5,151.2,224.9,0.0,251.3,372.5,247.5,86.0
273.4,167.9,118.4,251.3,0.0,221.0,158.1,246.8
211.6,365.6,337.5,372.5,221.0,0.0,378.7,313.8
386.2,97.1,43.0,247.5,158.1,378.7,0.0,293.3
157.4,205.7,261.0,86.0,246.8,313.8,293.3,0.0