10,5
20,19,18,17,16,15,14,13,12,11
0.00,133.28,144.54,91.44,116.09,69.97,90.47,73.35,29.07,140.80
133.28,0.00,38.01,73.01,92.44,195.60,210.28,88.36,161.53,47.42
144.54,38.01,0.00,62.43,68.43,198.12,209.25,116.71,170.33,12.17
91.44,73.01,62.43,0.00,32.02,136.86,146.99,95.43,113.44,54.56
116.09,92.44,68.43,32.02,0.00,149.28,154.95,127.44,133.84,56.94
69.97,195.60,198.12,136.86,149.28,0.00,23.00,143.18,43.32,191.31
90.47,210.28,209.25,146.99,154.95,23.00,0.00,163.78,65.51,201.44
73.35,88.36,116.71,95.43,127.44,143.18,163.78,0.00,100.70,119.44
29.07,161.53,170.33,113.44,133.84,43.32,65.51,100.70,0.00,165.53
140.80,47.42,12.17,54.56,56.94,191.31,201.44,119.44,165.53,0.00