20,10
20,20,20,20,20,20,20,20,20,20,20,20,20,20,20,20,20,20,20,20
0,423,492,604,330,462,261,344,573,292,519,425,236,258,648,196,208,464,479,217
423,0,709,213,218,556,291,262,271,320,252,240,517,390,368,554,561,126,389,294
492,709,0,770,754,197,720,786,958,760,598,845,718,324,658,318,306,651,416,676
604,213,770,0,429,585,503,470,397,532,178,432,727,490,217,695,699,143,371,505
330,218,754,429,0,646,92,47,245,106,451,96,329,437,578,513,523,334,538,123
462,556,197,585,646,0,635,686,820,678,409,729,698,219,462,351,344,478,221,596
261,291,720,503,92,635,0,86,330,44,501,173,238,418,632,453,464,394,558,45
344,262,786,470,47,686,86,0,246,79,498,88,310,474,624,533,544,380,583,128
573,271,958,397,245,820,330,246,0,323,510,158,552,634,603,748,758,386,660,367
292,320,760,532,106,678,44,79,323,0,539,165,231,461,669,487,499,429,601,85
519,252,598,178,451,409,501,498,510,539,0,490,690,345,134,566,568,126,193,487
425,240,845,432,96,729,173,88,158,165,490,0,395,525,607,609,619,366,603,212
236,517,718,727,329,698,238,310,552,231,690,395,0,489,824,404,416,603,693,223
258,390,324,490,437,219,418,474,634,461,345,525,489,0,452,226,226,354,237,378
648,368,658,217,578,462,632,624,603,669,134,607,824,452,0,677,678,244,245,619
196,554,318,695,513,351,453,533,748,487,566,609,404,226,677,0,12,554,457,408
208,561,306,699,523,344,464,544,758,499,568,619,416,226,678,12,0,558,455,419
464,126,651,143,334,478,394,380,386,429,126,366,603,354,244,554,558,0,285,387
479,389,416,371,538,221,558,583,660,601,193,603,693,237,245,457,455,285,0,529
217,294,676,505,123,596,45,128,367,85,487,212,223,378,619,408,419,387,529,0
