10,5
20,20,20,20,20,20,20,20,20,20
0,203,227,240,94,148,182,127,70,108
203,0,213,173,119,138,262,132,151,95
227,213,0,58,228,95,104,116,166,199
240,173,58,0,217,93,156,115,172,185
94,119,228,217,0,133,225,112,78,33
148,138,95,93,133,0,124,22,79,105
182,262,104,156,225,124,0,132,148,208
127,132,116,115,112,22,132,0,58,85
70,151,166,172,78,79,148,58,0,67
108,95,199,185,33,105,208,85,67,0