10,7
20,20,20,20,20,20,20,20,20,20
0,17,12,17,8,6,7,9,18,2
17,0,17,5,14,12,14,14,4,18
12,17,0,13,18,9,6,4,15,14
17,5,13,0,16,11,11,11,2,18
8,14,18,16,0,9,12,14,16,8
6,12,9,11,9,0,4,6,12,8
7,14,6,11,12,4,0,2,13,9
9,14,4,11,14,6,2,0,13,11
18,4,15,2,16,12,13,13,0,19
2,18,14,18,8,8,9,11,19,0