10
0,0,0,0,0,0,0,0,0,0
0,512,473,401,262,342,241,415,508,342
512,0,58,152,295,352,398,106,128,172
473,58,0,95,243,294,385,58,169,144
401,152,95,0,154,200,359,58,241,123
262,295,243,154,0,125,302,189,347,166
342,352,294,200,125,0,426,255,434,271
241,398,385,359,302,426,0,337,339,244
415,106,58,58,189,255,337,0,183,93
508,128,169,241,347,434,339,183,0,184
342,172,144,123,166,271,244,93,184,0