8
1,2,3,4,5,6,7,8
0.00,555.34,380.60,520.84,249.09,348.38,211.40,259.99
555.34,0.00,178.23,84.38,539.41,868.88,369.39,772.68
380.60,178.23,0.00,170.85,407.95,691.00,215.01,594.80
520.84,84.38,170.85,0.00,473.33,850.05,320.52,754.28
249.09,539.41,407.95,473.33,0.00,561.62,199.81,487.80
348.38,868.88,691.00,850.05,561.62,0.00,557.72,96.21
211.40,369.39,215.01,320.52,199.81,557.72,0.00,466.04
259.99,772.68,594.80,754.28,487.80,96.21,466.04,0.00