20
1,2,3,4,5,6,7,8,9,10,11,12,13,14,15,16,17,18,19,20
0.00,392.76,324.72,110.16,185.31,222.25,161.94,260.97,317.51,125.36,173.91,339.11,73.33,189.23,303.71,100.45,138.05,158.14,200.00,307.39
392.76,0.00,347.32,478.17,284.52,170.70,433.57,228.19,173.37,465.12,564.65,133.24,335.67,350.89,367.08,321.50,336.65,234.62,274.70,324.01
324.72,347.32,0.00,432.78,398.97,281.96,472.29,133.02,423.54,449.74,462.00,409.76,257.93,138.18,541.66,350.35,186.68,272.24,143.68,25.94
110.16,478.17,432.78,0.00,221.60,309.54,110.04,369.91,370.67,39.62,102.16,400.98,183.00,295.48,293.03,157.41,246.78,249.62,310.06,416.45
185.31,284.52,398.97,221.60,0.00,146.01,151.16,281.55,149.91,196.58,321.82,183.60,184.20,298.24,143.68,85.15,247.31,127.14,256.01,374.55
222.25,170.70,281.96,309.54,146.01,0.00,279.08,151.49,145.77,299.98,394.01,144.09,169.50,222.27,274.12,155.60,189.55,64.38,154.26,256.10
161.94,433.57,472.29,110.04,151.16,279.08,0.00,381.37,297.03,71.11,207.33,333.48,215.59,343.93,185.54,131.11,289.70,233.36,333.80,451.73
260.97,228.19,133.02,369.91,281.55,151.49,381.37,0.00,290.70,376.22,426.24,277.03,187.67,133.69,420.27,251.10,143.66,156.08,67.12,107.15
317.51,173.37,423.54,370.67,149.91,145.77,297.03,290.70,0.00,346.49,469.44,42.11,289.09,366.16,195.06,221.28,328.05,188.13,300.02,397.61
125.36,465.12,449.74,39.62,196.58,299.98,71.11,376.22,346.49,0.00,137.03,379.21,193.76,314.57,255.74,144.47,263.10,243.99,320.18,431.78
173.91,564.65,462.00,102.16,321.82,394.01,207.33,426.24,469.44,137.03,0.00,497.68,242.39,325.39,392.66,250.71,287.56,330.73,360.89,450.49
339.11,133.24,409.76,400.98,183.60,144.09,333.48,277.03,42.11,379.21,497.68,0.00,302.63,366.05,237.01,247.24,332.95,197.19,295.63,384.03
73.33,335.67,257.93,183.00,184.20,169.50,215.59,187.67,289.09,193.76,242.39,302.63,0.00,129.02,321.56,107.70,74.40,106.89,127.19,238.76
189.23,350.89,138.18,295.48,298.24,222.27,343.93,133.69,366.16,314.57,325.39,366.05,129.02,0.00,440.99,232.82,54.67,183.44,76.22,125.10
303.71,367.08,541.66,293.03,143.68,274.12,185.54,420.27,195.06,255.74,392.66,237.01,321.56,440.99,0.00,214.56,388.96,269.43,399.30,516.91
100.45,321.50,350.35,157.41,85.15,155.60,131.11,251.10,221.28,144.47,250.71,247.24,107.70,232.82,214.56,0.00,178.75,103.08,208.06,328.09
138.05,336.65,186.68,246.78,247.31,189.55,289.70,143.66,328.05,263.10,287.56,332.95,74.40,54.67,388.96,178.75,0.00,140.60,76.54,169.67
158.14,234.62,272.24,249.62,127.14,64.38,233.36,156.08,188.13,243.99,330.73,197.19,106.89,183.44,269.43,103.08,140.60,0.00,130.42,247.59
200.00,274.70,143.68,310.06,256.01,154.26,333.80,67.12,300.02,320.18,360.89,295.63,127.19,76.22,399.30,208.06,76.54,130.42,0.00,120.37
307.39,324.01,25.94,416.45,374.55,256.10,451.73,107.15,397.61,431.78,450.49,384.03,238.76,125.10,516.91,328.09,169.67,247.59,120.37,0.00