10
10,9,8,7,6,5,4,3,2,1
0,762,724,920,595,577,580,20,81,551
762,0,522,551,877,186,198,764,834,460
724,522,0,205,452,460,410,739,803,179
920,551,205,0,630,558,510,934,1000,369
595,877,452,630,0,736,698,614,649,420
577,186,460,558,736,0,50,579,650,341
580,198,410,510,698,50,0,584,655,296
20,764,739,934,614,579,584,0,71,565
81,834,803,1000,649,650,655,71,0,631
551,460,179,369,420,341,296,565,631,0